210
987
214 952
414 823
866 890
842 1218
886 1281
454 671
889 1129
515 1245
370 966
828 1218
100 1330
679 1245
797 1305
481 1334
216 1320
388 986
991 1099
711 878
80 607
770 845
489 887
959 1057
227 615
501 608
942 1377
110 879
163 1276
714 976
882 1103
662 1288
916 966
419 892
774 871
724 857
272 980
764 1072
710 1399
359 1378
907 939
719 782
285 1009
869 1114
49 920
403 934
614 1024
895 1247
548 1315
997 1306
647 809
721 1136
738 1310
203 671
8 1377
102 1185
5 1047
675 1190
30 1019
778 1090
954 978
45 1378
655 1339
543 1028
23 608
385 1330
686 1067
712 899
922 1181
523 674
413 648
714 1049
464 966
9 1179
815 1259
473 1260
587 855
97 631
281 1130
372 993
811 969
20 784
377 672
50 1060
260 863
249 1308
36 1386
310 1042
975 1251
234 1304
803 1229
608 975
519 1365
582 886
342 1286
186 1022
386 1097
223 819
635 1282
720 1255
146 1361
987 998
744 1228
365 1115
118 1007
411 1084
192 946
291 1046
237 764
56 1257
70 1012
791 1028
437 1243
877 993
600 1255
654 1051
678 1366
54 1367
812 1272
231 1297
765 1294
220 768
936 1103
463 827
625 742
415 1364
900 903
563 811
535 1378
512 1155
58 882
634 759
243 1179
277 1397
455 1286
830 1380
479 1016
706 1223
984 1294
318 952
661 998
373 1377
627 748
255 636
965 1317
972 1064
369 759
654 973
208 673
742 752
813 828
410 907
760 887
90 769
707 1129
560 1330
708 1188
484 679
709 1286
559 783
425 820
589 905
177 850
811 954
154 643
246 732
555 1079
701 957
226 840
95 1056
31 1157
449 911
603 615
72 844
142 993
735 1229
754 1064
478 919
839 1023
929 1334
457 1194
951 984
148 1224
516 1043
740 1223
183 901
247 757
282 1310
593 622
477 890
861 1267
556 1008
22 626
673 993
841 852
705 715
493 1055
699 1226
121 816
730 964
317 760
798 1310
37 962
500 1231
958 1041
498 1127
650 708
46 1061
89 947
286 1270
165 1156
64 811
875 1299
933 1285
784 852
751 868
429 1161
835 1299
494 1283
259 1212
905 1016
817 1286
653 1217
212 1090
308 1049
257 923
758 871
825 1238
341 1317
896 1221
622 669
248 680
35 863
921 962
530 810
629 772
175 844
32 746
844 1061
435 878
878 1191
206 851
935 974
575 715
511 1177
970 986
406 790
471 1282
775 1143
613 827
462 646
989 1061
558 1208
466 1085
614 626
442 1077
771 1056
600 915
418 843
505 1294
691 1041
416 1321
586 1111
346 1279
218 1392
195 641
610 1183
133 819
688 1247
81 1145
948 1097
923 1018
375 904
773 907
101 1248
901 1384
634 698
805 963
63 1046
659 1159
355 1254
214 710
352 774
621 1166
660 781
486 935
290 712
715 897
34 939
60 1388
934 1272
627 1169
820 1012
737 1373
73 886
253 1213
736 1137
848 1105
77 765
594 669
258 1316
881 1267
630 823
25 904
731 781
276 1161
949 1357
550 983
496 669
360 911
147 625
613 680
491 1342
894 1387
79 977
669 676
962 1093
399 1377
74 1309
238 1212
632 865
917 1084
420 753
343 946
326 1025
252 1185
67 1247
153 1043
804 806
485 1115
315 1116
194 820
834 1296
189 727
810 841
217 1266
525 1386
331 1305
590 632
545 873
874 1094
14 881
145 1009
753 1361
431 784
642 862
641 730
329 1179
601 923
602 703
426 1385
725 888
333 855
312 1169
357 761
626 796
171 926
853 925
6 1128
715 766
66 1104
569 836
497 998
661 1332
663 1281
540 1032
371 1311
439 1395
838 1106
304 1023
506 1207
591 1222
832 907
168 1366
105 1297
53 790
155 1181
795 869
182 840
279 795
639 758
119 647
47 1077
434 1169
211 994
75 756
305 1067
605 1108
351 1222
708 739
219 758
187 1078
595 603
179 1252
423 1026
405 1278
362 1256
640 1301
925 1135
65 807
172 964
840 1072
157 886
334 1396
943 974
982 1228
646 1057
361 1269
657 900
528 1377
125 985
745 768
254 1090
29 980
777 831
169 1365
766 1389
574 1077
522 1275
584 1071
792 1234
432 1347
552 1248
459 840
733 969
818 1175
26 822
229 1197
88 995
166 1095
363 1251
198 703
538 1184
732 1203
907 962
887 1232
759 990
648 1369
397 1105
977 985
383 1370
11 1399
483 765
244 603
15 1226
136 1094
213 923
135 841
393 616
296 977
883 1247
570 925
452 637
24 1305
236 906
458 765
18 1150
152 1064
609 797
777 964
339 1369
800 1262
202 1179
87 629
806 1154
139 1111
61 1360
499 1079
651 1095
554 819
96 873
684 750
692 1095
307 1042
503 1145
448 636
124 797
284 1048
294 1356
76 960
864 1042
758 928
787 909
104 889
356 1177
807 1154
651 802
711 902
603 633
364 1177
758 760
467 1213
130 1247
134 1191
829 1045
340 1050
374 1263
144 659
10 977
402 741
833 856
672 1135
201 1160
793 898
27 1044
794 1183
438 1255
672 986
683 1049
191 1026
200 1025
730 847
628 816
114 1072
843 919
968 1092
465 632
111 889
472 1178
850 918
490 878
225 1119
700 810
647 649
750 840
776 993
33 1281
274 648
790 1377
116 1336
766 781
215 981
859 874
881 995
852 918
557 799
551 837
576 991
245 880
786 1007
789 888
729 1283
727 918
583 977
660 698
913 1177
230 993
701 764
597 1332
174 1128
562 1138
908 1329
322 607
607 699
561 1013
16 1365
529 1111
108 818
858 921
585 724
633 1228
117 1312
83 1051
422 614
941 1121
971 1274
977 1294
344 1232
693 886
676 1223
430 698
141 975
837 976
963 984
487 1256
571 1131
667 1231
59 1194
743 921
935 1000
680 696
604 1250
581 1188
960 964
85 823
606 667
149 796
51 1039
170 742
546 887
242 1125
855 1336
302 999
572 1272
190 785
992 1127
398 660
293 1190
21 1055
103 611
553 1135
210 1000
671 1188
109 1311
330 1077
611 1305
404 870
779 1326
120 955
654 872
441 1295
468 1128
863 1032
447 628
228 1284
565 1293
13 1268
514 632
209 669
400 679
580 696
793 1225
876 1350
777 1067
328 1099
630 747
652 732
719 1018
598 993
566 1316
767 886
261 971
292 1272
337 1005
384 752
417 1273
588 790
652 769
527 1246
833 880
645 1386
409 981
825 946
821 1368
324 999
314 1223
129 1042
524 1238
718 1025
350 643
126 800
643 1148
542 925
325 840
336 671
178 670
697 1106
953 1357
338 1194
232 1275
741 1288
890 1299
618 900
424 840
919 1268
387 1041
320 820
345 886
390 724
883 954
273 848
251 1375
319 1044
224 697
638 643
636 808
639 687
40 1099
568 1033
716 1183
306 1128
288 1072
685 721
757 870
196 962
619 1145
762 797
380 1190
564 903
729 932
852 930
482 819
106 1279
702 1400
846 977
456 857
476 658
86 1061
726 1370
376 1033
39 887
631 1231
788 1145
7 838
239 1305
822 880
176 1152
207 989
911 912
205 1398
979 1041
256 1380
521 800
532 768
327 1223
526 1010
91 762
303 1094
664 1367
122 956
395 1013
961 1134
536 1375
531 1090
150 688
421 1118
892 1222
264 1310
860 1268
642 1340
671 950
391 1360
475 656
427 1235
287 1310
309 1078
885 991
160 1190
926 1351
763 846
681 1073
461 1148
78 969
668 762
916 1277
127 980
184 622
599 1070
263 1031
185 1145
396 958
980 1221
620 653
378 1218
910 944
82 976
761 1154
510 1354
354 1012
801 1158
818 854
99 750
38 808
151 1283
392 1064
826 919
868 1129
623 1115
445 1377
295 788
674 1188
920 1264
614 904
504 806
713 1213
703 1105
723 1301
42 946
262 771
938 1057
94 1158
266 1297
381 1173
128 1047
720 988
756 818
188 743
300 886
368 1307
180 610
492 1372
624 717
881 940
507 1048
993 1209
632 947
62 964
240 913
440 718
469 1256
592 646
910 1317
637 733
57 1398
197 1082
113 771
596 1271
17 688
159 690
389 943
746 762
162 900
914 1033
780 976
93 1226
677 1099
401 1345
98 1262
567 615
84 1187
728 1303
937 1154
443 1009
617 1238
819 870
694 990
269 1376
843 999
164 1366
323 1128
517 906
488 852
107 1380
665 1176
772 923
824 984
353 1134
123 785
616 884
544 1192
69 1152
689 887
625 745
845 1143
909 1255
412 878
625 820
893 1300
446 1226
906 1156
508 1367
235 1226
549 1210
873 1072
12 706
140 1025
450 978
712 1165
509 1095
537 1275
271 1016
321 1367
924 1052
316 1267
137 679
299 868
697 927
518 963
513 853
750 816
158 1300
946 996
761 967
502 1022
755 822
665 680
394 1121
275 1165
838 981
785 1161
725 1094
783 1056
92 643
283 760
297 1225
656 797
624 1288
268 658
867 1397
849 868
632 644
278 1040
632 987
638 666
115 1210
460 1126
167 1134
48 724
138 614
994 1334
734 883
311 765
879 1247
241 758
204 672
704 1040
836 1254
730 983
851 1296
289 819
903 1001
695 704
616 1326
367 940
358 1329
68 1362
451 832
332 1127
955 1178
44 1360
649 899
265 1395
335 1169
605 814
480 720
495 750
539 1049
799 821
41 750
19 1227
221 768
112 1012
888 918
43 746
630 770
298 712
407 678
301 1205
428 1236
573 633
470 1297
722 853
822 1025
547 1334
658 1237
534 1135
698 931
349 1331
520 1011
578 1397
533 973
347 698
173 841
181 722
267 1149
891 1188
156 1055
408 776
651 690
612 1118
474 623
366 1287
541 1339
233 838
859 945
71 1051
270 843
379 1152
132 1067
808 906
52 851
250 1050
577 1229
670 1189
280 1316
313 993
682 1275
28 793
348 667
199 819
143 712
911 1362
382 1183
131 1325
579 1248
436 1068
749 1188
161 819
433 756
